
grid 1
[[35, 60], [135, 67], [185, 70], [233, 65], [273, 12], [31, 133], [79, 137], [131, 135], [199, 142]]
gadsfds
[[57, 289], [151, 253], [323, 199], [379, 195], [379, 195]]
sdvhj
[[176, 369], [436, 349], [554, 369], [613, 339], [613, 339]]
ashyjdgfdsf
[[156, 113], [123, 84], [63, 130], [72, 205]]
ujyasdtas
[[219, 121], [269, 181], [233, 245], [233, 245], [288, 333]]
sdihdsf
[[98, 57], [98, 57], [98, 57], [141, 121]]
python -u "e:\Coding\Python\openCV\find_pixel_value\find_pixel_pos.py"
[[332, 160], [337, 244]]
python -u "e:\Coding\Python\openCV\find_pixel_value\find_pixel_pos.py"
[[477, 294], [496, 374], [556, 412]]
sdfsd
[[113, 36], [109, 71], [111, 79]]
python -u "e:\Coding\Python\openCV\find_pixel_value\find_pixel_pos.py"
[]
segfdsg
[[109, 134], [125, 90], [137, 85], [158, 108], [177, 76]]
ergdfg
[[142, 161], [111, 73], [156, 45], [226, 93], [158, 41]]
dsvac
[[55, 74], [124, 65], [223, 92], [130, 121], [212, 50], [256, 18], [25, 54], [125, 88], [66, 126], [128, 162], [170, 142], [214, 113], [182, 61], [136, 33], [117, 54], [115, 96]]
sygcsdad
[[366, 142], [432, 242], [507, 149], [507, 149]]
dcacsacasccscascascsacas
[[100, 129], [167, 101], [145, 81], [198, 70], [167, 50]]
dscsac
[[153, 155], [186, 102]]
python -u "e:\Coding\Python\openCV\gamma_correction\gamma_correction.py"
[]
dsgsd
[[202, 82], [110, 87], [98, 85], [98, 40], [111, 39], [140, 58], [128, 91], [89, 65], [75, 59], [61, 109], [88, 127], [211, 112], [212, 105], [0, 4], [295, 3], [3, 165], [293, 165], [295, 165]]
asas
<class 'list'>left_image
[[225, 344], [303, 219], [480, 106], [483, 105], [474, 5]]